0  0.3718223173668718  0.02266836094199401  0.02704158872992577  0.02438479125602867
1  0.3728926946748729  0.02602759320288702  0.030514616557850018  0.023612311936652742
2  0.3554990634198555  0.021071681547768586  0.02465180611096131  0.032445539802402175
3  0.3121487824458121  0.015679471228459235  0.02050907546489605  0.015383843055666003
4  0.36553385068236555  0.021381597740515814  0.024960186705032514  0.021255611467505944
0  0.364998662028365  0.02678276281517816  0.030218745504340224  0.034340689516888005
1  0.2887342788332887  0.011994865382500724  0.017272733553692847  0.0165626863791493060  0.852956917313353  0.6373878145043663  0.6179577058780583  0.6818872925069744
1  0.8488092052448488  0.6206126854632769  0.5990562987482502  0.6752625195317528
2  0.858977789670859  0.6395881772842981  0.6150445567909909  0.7155526307087696
3  0.8576398180358576  0.6582483541580959  0.6369946691163363  0.7156155696870026
4  0.8557666577468558  0.6518122798283017  0.6318383988133341  0.6965817579636993
